Dex   Hex Bin
0     0       00
1     1       01
2     2       10
3     3       11
4     4      100
5     5      101
6     6      110
7     7      111
8     8     1000
9     9     1001
10    A     1010
11    B     1011
12    C     1100
13    D     1101
14    E     1110
15    F     1111
16   10    10000
17   11    10001
18   12    10010
19   13    10011
           10100
           10101
           10110
           10111
           11000
           11001
           11010
           11011
           11100
           11101
           11110
           11111
